3        11.000000        39.970000        67.000000        44.274057
4        37.000000        85.720000       169.000000        92.148569
5        22.000000       117.420000       314.000000       129.817593
6        73.000000       166.680000       380.000000       178.823602
7        47.000000       187.450000       438.000000       200.380790
8       117.000000       240.800000       489.000000       256.424722
9        96.000000       274.320000       649.000000       294.806279

3         4.000000        22.240000        41.000000        25.589426
4         5.000000        34.570000        67.000000        37.488456
5         5.000000        50.180000       113.000000        54.059154
6         6.000000        62.500000       134.000000        68.083649
7        15.000000        72.980000       195.000000        79.274535
8        17.000000        85.980000       194.000000        91.308671
9        28.000000        95.600000       190.000000       101.022480

3         6.000000        31.680000        61.000000        36.484390
4        25.000000        68.540000       145.000000        74.571708
5        15.000000        99.570000       270.000000       111.244106
6        59.000000       145.420000       340.000000       156.734690
7        37.000000       165.920000       402.000000       178.285060
8       102.000000       220.500000       473.000000       235.618631
9        95.000000       272.910000       660.000000       295.087664

3         1.000000        16.810000        37.000000        20.057033
4         0.000000        21.950000        50.000000        24.875484
5         1.000000        36.640000        96.000000        40.749614
6         2.000000        48.520000       112.000000        54.411123
7         5.000000        58.470000       194.000000        65.424705
8         7.000000        69.890000       159.000000        75.268687
9        17.000000        84.190000       183.000000        90.209975

3         6.000000        30.650000        56.000000        35.186890
4        27.000000        62.230000       134.000000        68.560692
5        16.000000        89.440000       250.000000       100.745304
6        59.000000       132.860000       340.000000       146.141812
7        37.000000       149.840000       386.000000       163.468574
8        86.000000       201.530000       493.000000       218.037085
9        87.000000       283.520000       720.000000       310.337811

3         0.000000        13.670000        31.000000        16.779958
4         0.000000        21.440000        48.000000        24.201052
5         1.000000        37.250000       100.000000        41.516107
6         2.000000        46.750000       105.000000        52.347435
7         5.000000        57.640000       186.000000        64.348073
8         7.000000        68.370000       156.000000        73.649337
9        17.000000        82.410000       178.000000        88.297768

3         5.000000        30.660000        56.000000        35.224905
4        27.000000        61.300000       134.000000        67.666474
5        15.000000        84.780000       242.000000        95.681718
6        52.000000       122.590000       312.000000       134.911745
7        34.000000       134.480000       352.000000       147.391773
8        73.000000       179.060000       421.000000       193.375528
9        67.000000       246.030000       629.000000       270.356549

3         0.000000        13.670000        31.000000        16.765504
4         0.000000        21.340000        48.000000        24.094395
5         1.000000        37.220000       100.000000        41.499440
6         0.000000        46.530000       105.000000        52.194793
7         5.000000        57.590000       186.000000        64.306387
8         6.000000        68.260000       156.000000        73.536592
9        17.000000        82.390000       178.000000        88.305320

3         9.000000        39.140000        74.000000        43.765985
4        37.000000        76.170000       201.000000        83.513683
5        26.000000       105.740000       239.000000       113.759457
6        64.000000       140.230000       300.000000       151.592435
7        40.000000       175.520000       489.000000       192.286401
8        96.000000       206.990000       544.000000       226.040279
9        38.000000       247.330000       637.000000       274.411644

3         3.000000        17.950000        41.000000        21.445203
4         4.000000        36.430000       142.000000        41.529073
5         5.000000        44.040000       115.000000        49.431169
6         6.000000        58.680000       149.000000        64.454476
7         7.000000        76.570000       221.000000        84.139517
8        17.000000        83.440000       189.000000        90.548964
9        16.000000        98.080000       207.000000       107.122124

3         6.000000        32.520000        64.000000        36.893708
4        26.000000        64.460000       190.000000        72.216177
5        21.000000        88.140000       218.000000        95.613295
6        48.000000       117.030000       251.000000       127.190466
7        30.000000       147.980000       421.000000       163.268788
8        76.000000       170.220000       446.000000       186.920505
9        28.000000       219.570000       573.000000       245.094476

3         0.000000        11.310000        35.000000        14.618972
4         0.000000        24.160000       125.000000        29.733524
5         1.000000        33.900000       109.000000        39.814279
6         2.000000        44.790000       126.000000        50.522416
7         2.000000        61.180000       176.000000        68.500282
8         7.000000        68.190000       168.000000        75.397432
9         9.000000        88.090000       199.000000        97.859382
