0.5381022146876899 0.03250886468438763 0.30127979264620874
-0.767481238809196 -0.3573167173111107 0.7967627459390607
0.9616628898783299 0.006672638430236022 -0.2880768447178026
0.6856622297040729 -0.8610361594345202 -0.6854746372574929
-0.20183984577653935 -0.5482356055974344 0.2396706082647415
0.829189208836133 0.4167273529981823 -0.29571630983030706
-0.8575307461653641 -0.1375083688477694 -0.25236292414155637
-0.9110134686423985 0.625790816202348 -0.49827688933478154
0.9773670790811688 0.27415671346249004 0.13951828743828698
-0.859119386827428 -0.578568813599259 0.48784329607134036
-0.433577825935356 0.26728948335741287 -0.1578330964024024
-0.9068145318054841 -0.7295508311236107 -0.12125595176265125
-0.45732573108694874 -0.15807897199582577 -0.941673765180393
-0.19854348860928317 -0.33511082363018563 0.5083768987041273
-0.6404650632429645 0.14993628787903668 0.09126862154982929
-0.2883878148913772 -0.29455740885567017 0.9402970573325247
-0.6124390885503164 -0.9253610274474331 0.2858272100046009
-0.7491397902785273 -0.9750574700828425 0.6567616918292103
-0.44973229944246196 -0.8850205531177844 0.3973466490926463
-0.890100340388067 -0.6060077526369148 -0.28866491219013857
-0.919816493915427 -0.8608707459240419 0.16947908242083543
-0.3739335170106699 -0.16421146148210775 0.9996979096073506
-0.7973197781734058 0.4062832424397924 0.6603141435109865
0.6548431447024317 0.621617053042246 -0.9155070281700728
-0.32390142005247036 -0.4547859729611905 -0.1584996020843097
-0.8398715068038336 -0.4707713841406138 -0.7515662092909747
-0.5090508277825352 0.753814786759873 -0.8734709180073541
0.5085000578438086 0.8706070515692639 0.5282845064132315
0.9185443922293342 0.23160049979975383 0.07525025975374322
-0.7925882824214217 -0.1613509150487371 -0.08883761741145202
-0.12259151257686729 0.715113046023546 -0.7941441251802395
0.004412888447132612 0.9038913851379431 0.9498000607222954
-0.33167926834744454 -0.9252609209062386 -0.6264252284515426
-0.2548416858425748 -0.7413848658852349 0.6786570609954645
0.6826594776222195 -0.13425834928023783 0.7649172413926979
0.47894667329026497 -0.2073654481338396 0.8617165343318245
-0.34251356422768553 -0.611883079571095 0.26765094101440834
0.06501808993407932 0.22444610147323307 -0.11765052079353655
-0.1770174429701521 -0.5031845000475945 -0.17158363079815175
-0.29933274414937694 0.9041045690061471 -0.39495309538058665
0.6237870391261373 0.39914988440682087 0.7255352130303696
0.8979010425285214 0.17137391269894375 0.20743799104085392
-0.5059074216743782 -0.1429556217325192 0.11648594106110943
0.4850669323905239 -0.18680927888673948 -0.9590674917234707
-0.3798833066662406 -0.47365503550156873 -0.6473245892466659
0.16007724825675207 0.21721891994498632 -0.36988792541731796
0.7391427461439917 0.5777468929802441 -0.10040332233646532
-0.097349598693101 -0.6904908406082317 0.22649115501151806
-0.15861357662788333 -0.9665900862365102 0.5752919217311168
-0.9229025553354997 0.003113292194811601 -0.23002310549312543
-0.2727111618973672 -0.9466175066923896 -0.3792690451942484
0.9265503276342275 0.0889738083594418 -0.6669564712419291
0.9575367140729356 -0.09430526896227653 0.3446063048739727
-0.9211471793579364 0.190766996769687 0.2954543362394928
-0.3950038428030489 0.9172838808810122 -0.5498511530425545
0.2002947594952964 -0.003443488004450046 0.3800797753628544
-0.9847979181971676 0.10118550958224137 0.3691140219817597
0.018742011995895425 0.570885072381446 0.1838108295807721
-0.3133046324175546 -0.6897458352136252 -0.7528203342021742
-0.1513279709141746 0.19207645777245275 0.4281064987269956
-0.09529450729782463 -0.23631553778649694 -0.8219859785570731
0.3549027084671843 0.2168249161541984 0.28237376184184915
0.5567944922977004 -0.6143230992448148 0.19648760102148777
-0.45117551736203354 -0.6733730539592799 -0.12262091130614827
0.8906652034873965 -0.6021942008697785 -0.2673530631621419
0.6765573072576447 0.9602814517744922 0.6604306514035629
-0.15369699662434533 -0.863750961517117 0.08213161865497387
0.9008159541936342 -0.9976075900362775 -0.989878432054778
-0.7836658929123106 0.16395693123045696 0.7615220774628813
-0.053210910781873455 0.8339030248211821 -0.3243792568168655
0.06464163413420776 -0.7463405134264189 -0.5242877299746744
-0.9555320353825174 0.7037485378132557 0.4272374119951674
-0.547350423628638 -0.7838340144741491 0.27248029812478913
0.7907827411278898 -0.5345881317641923 0.60729839307223
-0.596807938681386 -0.15244877930196 -0.5103308492530503
0.034991189494059105 -0.49356603881728844 0.881546671751458
-0.99760461230879 0.22437394073290728 -0.7523821500849952
0.2406609594694571 0.20899172838250113 0.6334885138133834
-0.5839118499136424 -0.5307715503213397 0.47147640100222876
-0.5856467233909308 -0.5391495160969288 0.838330456079869
-0.4364050640726216 0.22851870745340164 -0.8799422675152926
0.9278861479188245 -0.98704908691798 -0.44899080013784864
0.9404700508099795 -0.07171890453668217 0.7485777781367196
0.252555502886308 0.9475249103161245 -0.09199599521227886
0.6475762955994306 -0.9736048525791985 -0.297477477623155
0.6806020792603775 0.36528260300674376 -0.7337915327190785
0.4520854294496135 -0.08867021812893228 0.0012681606271280899
-0.846190691172412 -0.8293178934562646 0.0023627284595535425
-0.8409919257646779 0.9932312909460861 0.6587283402790165
0.9461597585249293 0.04313473016266478 0.3378873933962294
-0.9959291671606625 -0.4837792816938806 -0.4764152867639715
-0.19919420394521636 -0.01933295693932524 -0.18320267587572947
-0.593164423597331 0.5982499478560668 0.6680808358048576
0.2461340466688402 0.6932620323759795 -0.9686518482532043
0.9147756731687846 0.8742020858879029 -0.36449377365898505
0.025786057228392556 0.4758021550022513 0.22209827835019302
-0.32601009991198393 0.5206619251983495 -0.9770740064981467
-0.8134972686290702 0.23461195025075599 -0.74279293680407
0.33227033968795117 0.7359133262659872 0.11451147869221834
-0.978543297834727 -0.30860405587976025 0.8868203660400105
0.9431440583670143 -0.5249142607361932 -0.551209541007676
0.6622342553762051 -0.026486840974066395 -0.8606119915660166
0.03103913809432779 0.9414160927341857 0.5760008088109301
0.28587426595474397 -0.9689474221725536 -0.6094421184877334
0.46445353974212833 0.754099447772091 -0.1468615579336685
-0.16451476800942078 0.7377293588084239 -0.18750511455057195
0.5514359727319245 0.9909027999937465 -0.024756564090209876
-0.9214913531270186 -0.11347843637742705 -0.29856935195679823
-0.1929801319486597 -0.8309704937524323 -0.9663914622847423
0.7013556670043879 -0.9265867676543535 -0.3878840330080042
0.1761700473943717 0.8721531337170731 -0.6010494798363963
0.8464853046169625 0.7041309054802369 0.4333052084842375
-0.044421770999616195 -0.7001607104857321 -0.9486278687898415
0.5914274543304865 0.32406032077656777 0.12332457712407385
-0.3540490533131946 -0.012451179820552216 0.8417563329643232
-0.2202558878135339 0.8917703229609966 0.26109790905077346
-0.057035905635076656 -0.9118739140039558 0.11423769881076318
0.4905066346800251 0.13777550842612896 0.6972348723355464
-0.9999027306931672 -0.9500019229453873 0.40386795349712434
-0.6136137416840415 0.985228089539621 0.7223348486203673
-0.5948709105119434 -0.4193544238005349 0.9347732159689854
-0.2705750898907662 -0.49949820930231503 -0.16439876257430486
0.3698894049649659 -0.44009795432609233 -0.16384465207927024
0.4789052997836867 0.8382957905751844 0.4835330051068669
-0.9411072708440447 -0.032734428532297466 0.2834611162005889
-0.980979976841597 0.012662223083528712 0.14898124367124588
-0.5799471872356845 0.7269953907319506 -0.45610550970507835
-0.5180987004556037 0.5721577277378656 -0.5392318723123213
0.5408983952628781 0.20774888629493438 0.9476169960102059
0.7820934394001624 0.5537517031964267 0.9484253937635605
0.21172146814171056 0.4294452527831345 0.7081766506376419
0.8916539724333585 -0.18249076029014843 -0.8673403006478875
0.16042034419989992 -0.5220229034870345 -0.9903125677754194
0.994530451873181 -0.2753585837577137 -0.292065504659605
0.22654559887340708 0.8241246893723106 -0.2003951407675617
-0.4067383038988086 -0.9337387698467021 -0.3043719976169843
-0.2306242403676928 -0.39256000104069955 0.08326783135831661
0.2847479742989871 0.5434928164660326 0.8478686211468383
0.7114307704204392 -0.8495362187630073 -0.01863130221819498
0.7490380267094296 -0.1873141855159619 0.30994736021645397
-0.006149101414809177 -0.39719243768306756 -0.982828225843279
0.29887963717119237 -0.023023913264902385 0.31842112776152476
0.6560463274301418 -0.869256775432145 0.39440858690325165
0.06563039195346798 -0.5477479651550565 -0.6116174217565282
-0.46552296462648424 -0.2967974301836349 -0.7526247434559985
-0.28129724250493027 0.3563689976600555 -0.7010116405447655
-0.25366433857269954 0.49625196121570103 -0.3298094050357525
0.9210699997045462 0.858954062309846 -0.9332866589808653
0.4513077256387177 0.4314428786522362 0.015343185388865033
-0.689408748462421 0.3195142334062211 -0.030243850933031835
-0.5818829265808789 -0.9794485849922046 0.07718832680482834
-0.23683498318991192 -0.8117981706141608 0.20984589025299227
-0.6796219768495857 0.10351307797240938 -0.8336771838564152
-0.3406653422750445 0.09155783268747109 -0.13306906563857757
0.9624540890845086 -0.1632487264122302 0.11980267345400808
-0.4581165838405159 -0.08847049283296227 -0.08348729649219067
0.04906962807818771 0.3244813318130504 0.06915672878488732
-0.2934321387265244 0.1648684779542131 -0.48192857335077943
0.43080567820966564 -0.1452374154864604 -0.6531118243697172
-0.24183585913314998 0.16451195541910857 -0.8862770964846267
-0.5283575610277453 -0.7975655756812834 -0.3790306498895717
-0.9809521416833902 0.6329398185969661 -0.9570587313535208
-0.7810184463774568 0.24486975142477352 0.3879238434665522
-0.9919517508366253 0.637381253497022 0.11913617125841536
0.42069983295467206 -0.805247816987269 -0.7452464242165504
0.3029844651110587 0.8432259625302814 0.2010729779183369
-0.6345667301119884 0.22550774690138242 -0.4141293981976448
0.9221307316434204 -0.03982648239000963 0.12785735742481052
0.05522110222660448 -0.1336265853119265 0.31944154190555296
-0.331887091188503 0.7297322153133567 -0.4085707283379225
-0.24205495781475217 0.48486424122626604 -0.08987880352919975
-0.5947521923595767 0.4459902546467194 0.29584935688992053
-0.5483219219216484 0.5810748636356258 0.06656321154983957
-0.628454800069278 -0.03563471445668731 -0.8610523971773136
0.3287196638330987 -0.894531550094499 0.47003230630991744
-0.024625072998475606 0.9136122770529389 0.2248313706959404
0.4229427236481327 0.680625222504422 0.6388560076453822
0.2151111887880166 -0.724362819035901 0.15039544513527003
-0.7853384056009631 0.15883750278380804 -0.0463830375501979
-0.2168012701708073 -0.7871314345032192 -0.4251757304682544
0.5166538898703306 -0.2748264551159809 -0.777653883518451
0.5785854077173267 -0.8061925350274901 -0.27376752887471345
0.41964976675832766 -0.8603298220029887 0.4821838712194446
-0.16741476346914252 0.5471676171036268 0.940680464392387
0.7651235764495203 -0.8798881675263452 0.5600652523925445
0.5377508343786179 -0.44079366939735953 -0.4320669269659374
0.5350922141728021 0.9539227731855491 -0.11011290195514811
-0.792798155195211 0.5354483859352202 0.4157036790288675
-0.6952294048786991 0.030294629253128758 0.9960457293639686
-0.9796407781540446 0.9381648994006231 0.9101925542257878
0.8129603310994253 -0.46034336505963136 0.9534491036119837
-0.49885954178659375 0.18564231496638262 -0.44701422835343374
-0.4265624567604711 -0.7261144545183391 -0.6775693526191993
0.24581178169112872 0.2050275703229052 -0.6316070132420495
0.20324563815978647 0.2409518209780015 0.5520640184615553
0.6548892779235689 -0.8280479912198331 0.046037434307077296
-0.026820776213247077 0.690648328528493 0.8395714624311139
0.8711164606739288 -0.5663649432552591 -0.20761640697490025
0.09768584274692649 -0.28200594318139993 -0.6851457318888627
0.07587034675396875 -0.9936136058543519 0.3300682440886107
0.7588919326842736 0.2979909058884376 0.048792997355622036
-0.010310162612366058 -0.21302506330227233 0.1254945181349385
-0.06861544004562559 -0.11726777902919694 -0.444805966625188
0.31792871615534457 0.4910988889897028 0.9280084914299522
0.1956701922258115 -0.30742027261487403 -0.5359812924481007
-0.7445973012659146 0.3562554416777044 -0.13496065530429524
0.6971125204310871 0.9640593503834092 0.2592476548181306
0.3951694485714312 0.549122123448871 0.0006846938240898659
-0.43145700255153185 -0.7632654460335997 -0.1294174612376584
-0.7823284816948395 0.36488883151314155 0.7200829634588979
0.8331655666386755 -0.5053220268680338 0.39848622624349295
-0.017509381357416753 0.4630832626048933 0.1123964463574949
-0.00838553356650773 0.9617426343837865 -0.4853474349490259
-0.6699761466988474 0.034673688605638686 0.5457270528724196
0.15003172108662688 0.04943900404110968 -0.856969657831333
0.5300908062145713 -0.5090615760455739 -0.1887867615908716
-0.2737187713579081 0.6073745269402879 0.9131165223445379
-0.19324639526555742 -0.9865933640622966 -0.30731954055381117
-0.27086886609293015 0.7559765651931178 -0.8565836730208303
0.5583442252775837 0.7841567121360187 0.7590290373837691
0.35238708905938676 -0.411628022277543 -0.2031666474969429
-0.8230101409499919 -0.7103130007579983 -0.17307574768027423
0.4475582479038176 0.5195112903656665 0.3009359085321288
-0.18955124917159472 -0.04449537075761878 -0.9550737704676409
-0.9194456658419121 -0.2856558790559709 0.2573011410834629
0.038319128974118044 0.08141039858945986 0.03473884081688272
0.17453541138818762 -0.701182990854788 -0.7930282548631062
0.3880148395370564 -0.2694381084355906 -0.5339509401623312
-0.8812321767103797 0.10830292965949107 -0.74553802774407
-0.7739311782944491 -0.4783810216579516 -0.4837456442331938
-0.9271155390276427 -0.031915725370343706 0.6391508862537678
-0.6744555415633713 0.989303598065959 0.3787444711077941
-0.32621304563420916 -0.9162936401323707 0.5688396005878413
0.6655239405379991 0.8169816130980643 -0.8552423398656432
0.43360554235149373 0.601201052009781 -0.3466147749093751
-0.38382264837939273 0.733320824712796 0.02142094285985885
0.7373589703577583 -0.6078715064408302 0.6015567822630137
0.5272039038214524 -0.6026948513086634 -0.6965924622111026
-0.5442831021262211 0.22176584229025442 -0.9764443081092686
0.2317328713271336 -0.8595842870493651 -0.23671822430482337
0.9217052195454056 -0.216335090674165 0.04919126192049372
-0.5639995432321276 -0.01060267305364393 0.9650528347914789
0.39329030039999635 0.6444574959489029 0.5209616846424556
0.8343120556163637 0.07900587557835381 0.10390444978847846
-0.5465809961402506 0.4736527568446165 -0.8394372759815043
0.3266418496464951 0.2709926507261915 -0.685563913498227
0.41846806067019005 -0.6338172046481505 -0.517772503871708
0.7290993932908136 -0.9127487289824598 -0.9961731671021914
0.6881268604956119 -0.5541994937697035 0.985316208007802
-0.3485004564296301 -0.1318764407790305 -0.6819957273175958
-0.8778914052232383 0.628809349045989 0.30799503270640427
-0.28863150540105065 0.8881986689161878 -0.9206603351078013
0.12673439162096178 0.29425775571497415 -0.22211588083779854
0.9731980992430525 0.4730487448094751 0.7604445386671086
-0.9657853778666214 0.7639851172344649 0.0791003953322107
0.6601295950340464 0.8673589374460802 0.049935581628469894
0.23401250248013894 0.5307335075701933 0.8357086717889872
-0.49154802038238987 -0.2644139340370233 -0.17566523863995864
0.1589012303170605 0.9932976569502738 -0.7836269936094511
0.7724040063622717 0.9390053163181715 -0.0978845960439727
-0.5620721860655562 -0.9372471551111401 0.6183600920243733
0.05519945400271453 -0.6317197631207263 -0.9892545026948336
-0.5725231610527444 -0.6479655588625441 -0.24526045155993192
-0.028264578818104402 -0.1478515807566081 0.04899119014249975
0.8469124778975925 0.20175508896781613 -0.14260731482094946
-0.4497028304302477 -0.5602471179379858 -0.04004917832161081
0.21623690395582873 -0.3663752955725781 -0.14195961402131352
-0.4547075272567018 0.03648146473515723 -0.2785497895572566
-0.05146946931386731 0.19358636808555052 0.4026204216650877
0.5361078849276188 -0.8292501288968224 -0.2981591245569253
0.9867722747244256 -0.518545324377417 -0.9258266586793586
0.5031912513016443 -0.1765133612088694 -0.35848332303112174
0.8892019819961328 0.8686476901695015 0.5637006131816436
0.6059302474639798 0.40760003008282064 -0.3882124878505866
0.5631962733029252 -0.9812901855821416 -0.8004305501407276
-0.3667075809703051 0.13465212110427816 -0.9588882014294098
-0.019909670651911737 0.12937428023732278 0.11646399336585511
-0.12612529091596225 0.9053438083604324 0.0870029639572496
0.7293126647469419 -0.2817544443991473 0.5539975761383353
-0.7756340890017179 -0.6198829465296256 -0.16580823307600778
-0.8790756717504715 0.5931588458351214 -0.7746773014189368
-0.6907121291875225 0.8125226871804876 -0.78720783101874
-0.08075055730370195 0.2192918233493275 -0.27666955015000516
-0.12251556144258635 -0.9250336468232272 0.08348409140393431
-0.8343512877384671 -0.1407698699387958 -0.10664973188629912
0.7467603219712331 0.10909829188959619 -0.8338181883394686
-0.9311567192708483 -0.644989659844192 0.0620933172118705
0.441947693925582 0.7295832511408162 -0.937170645836281
0.7161477920640547 0.4362966804910111 -0.2825382905022866
0.48688976280253193 0.05998468406001578 0.25807330986284893
0.37342857141744035 0.9850163704192285 0.3905571431791153
0.2940282094243907 -0.09788695083015297 0.6220250859900858
-0.3733088129553124 0.7398000450443196 -0.2729082717723421
0.8089895980469988 0.10867904673049877 -0.48304449750819867
0.8010656967710412 -0.2073295383910181 0.050854976694542975
0.9557053924468257 0.09196179678001903 0.03810979737322717
0.4925582926292964 -0.5915991765753816 0.39360904404325536
-0.34368961510958207 -0.6602567723361854 0.3280102946488075
0.5597504038696979 0.8279919838040448 0.8891171436829428
-0.10710697804447866 0.011699590809983507 -0.5519571090085271
0.6533510939551663 0.025330940592790396 -0.26226415947785764
0.40160258529828075 0.9335645169973912 -0.2872805797127369
0.9770974638838619 -0.1351978066088344 -0.1509349612429265
-0.5120639268496967 0.9738051845648747 0.32621136434256726
0.6692446886388665 0.058679828233881404 -0.31081023135386565
-0.2975810392599485 -0.28770622294267256 0.11744384731421809
-0.14198421757769308 -0.3666470649630129 -0.4681490908719712
-0.9751860166530317 -0.3095802309038702 0.5408138000846912
0.2748675112245873 0.08466588352867799 0.27052330607386454
-0.8381923300160241 -0.6120234915419418 -0.7513139920734919
-0.44098099790905665 -0.3776759767447271 -0.4354906863819774
0.8605281994367642 -0.7182647858648812 0.8470088146013814
-0.233729957925352 -0.7542220590929622 -0.02039368394471719
-0.3167779103156061 0.3801449717965202 0.5433846193054652
0.5838976191665315 0.6654992697340698 0.8313633105071894
0.4497771271545936 0.8747094423145076 -0.7791602482875519
-0.8109384451614308 -0.764079756302688 0.3208023801441977
0.8857052264888687 0.40516880996892835 0.8261171579044375
0.29673081634108067 -0.9093284932909473 -0.515159775218234
0.5027054879737978 -0.5642727163347392 -0.3796340410403438
0.46621759627585124 -0.2554012938259116 -0.23931713340450878
-0.3074868417326335 0.04596926430109738 -0.1684364584739979
-0.23751181836095547 0.7335460152350501 0.1675199799931244
-0.7421186721763018 -0.2867055354986976 -0.9228904204073878
-0.5791187671165359 -0.8866846831540891 0.915673337109121
-0.3307666498268347 0.5718096058866724 -0.13014086820080517
0.17066096553962185 -0.7356948478295924 -0.07738385283651628
-0.15007811300369944 0.5562211753486921 -0.045592977472770135
-0.9796344927934568 -0.19361726401343415 0.9900047634595104
0.8197105628787242 0.7740076384179204 0.8295750957914758
-0.7827124840695276 -0.0531421752220087 -0.6074184488204442
-0.6145365785802561 0.22516629071197003 0.9356116685318083
0.13710696069110773 0.06434729471834744 0.4396594066749082
-0.4050710734283207 0.22356331863933376 0.768932757900878
0.8027526779742156 0.4518153607208264 -0.8861039383662042
0.5875237542116887 -0.3936443512644996 0.4551345360307253
-0.8988569220756455 -0.5453226786106253 0.8348456803113129
0.012224334093068556 0.903114839065525 -0.94380613540257
-0.358811579250224 -0.041566381236321615 -0.5129637843311681
0.8821315180083602 0.45581365039339916 -0.6493460914248999
0.04454044131914525 0.008702181381276208 0.09121748277636699
-0.9038416904802788 0.9349113715151871 -0.6187771448841217
0.8204005181399574 -0.17443982590688867 0.6339620289301406
0.2760426293219702 0.7183743639661628 -0.5836233801754076
0.6748527483324636 -0.026404426178881835 0.5630522503042741
-0.3460231497557822 -0.8851596606946999 0.14009328137565547
-0.7989294873640873 -0.01371492583735101 0.8088784452725679
0.3096237131956794 0.9297802481296651 0.9937072395123503
0.5468229902649506 0.4724987300242076 -0.7566242960205825
0.8907200610859485 0.21603819545546 -0.5892599246813002
0.9166460440061741 -0.13616812380471144 -0.5697450558911552
-0.3344403082056253 0.7528303533682843 -0.6077089414038199
0.7044848884710779 -0.9821137523092835 -0.16916209672819882
-0.2511436925922119 -0.952004567834744 -0.4204863903238387
0.06511025543064575 -0.2670256688629822 0.8830109088674825
0.10417148385760577 0.4455503733663764 0.7930142492309791
-0.05753131869947126 -0.20079921644782495 -0.6697496233887126
-0.8886373208519824 0.08199870310001112 0.5306199304184629
-0.6420119412013146 0.18654151013451115 -0.7599645278504676
-0.6895137426072835 0.9202165319313191 0.4477594122313677
-0.9091752089992495 -0.6892957437563785 0.8892956445507598
0.7120072195465139 0.9157663276884176 -0.3239494744698477
0.8735047316143134 -0.6215463420789822 -0.6318041273743733
0.5341340220819342 -0.25520711673664653 -0.16057160253326175
0.024960259490570458 0.2449900897299664 0.5350570886189676
-0.7223394354667105 0.7989250115856694 0.17412403291224932
-0.011843196402684608 0.8083525605281947 0.338297878844837
0.9377586658712782 -0.1982928526508625 0.6379380966414816
-0.1813450697426484 0.10746999172620719 0.774228938510038
-0.0019865217184638073 0.26058218740375594 -0.41348672250225094
0.7723735638000724 0.09593867443206872 -0.26914952140967263
0.7088653399511458 -0.3676826088382821 0.11490216069685566
0.4010655903878997 -0.6763988061109851 -0.2357331909905911
0.12763092829991107 -0.4003068331416142 -0.5872794392078775
-0.20300964038899472 0.6331120422280911 -0.92670488486437
0.513763500579457 -0.7085191120763352 0.74348239117546
0.1796628063564636 -0.6690965502535369 0.7592768533315777
0.9608637571942831 -0.5950742818535424 -0.5057781664361602
-0.8115097640927027 0.08944623936874185 0.2677827127322028
0.882774527801464 -0.0024179954749867782 -0.22786391826938113
0.6256689198513898 0.9460429631758012 0.27368728949302956
0.7753333796927191 0.9784318625303898 0.6101043557621373
0.21571580842919635 -0.5831743243465457 -0.850183774072222
0.4144083782558947 0.35766204329505635 -0.03393947032349365
0.5628685638911883 -0.7105204253333879 0.08600596372787739
0.8589747903934688 -0.9977460661368476 -0.42105170788949353
-0.3679507966308877 -0.906124713641093 -0.32662965906406316
0.5131119365488113 -0.7645633645832974 -0.523698394478127
-0.5543918587521335 -0.020710708834274172 -0.19659142821029385
-0.8596362680992751 -0.943335385205722 0.1820746460624112
0.5071274329026314 -0.21231547194067968 -0.07118494556658406
-0.07585334464372662 0.05437176015084688 0.8233383834799968
-0.4663404191082834 0.722626212350062 -0.283805120186126
-0.2974702728381611 -0.8485518233188896 0.26060648635933603
-0.3529432481916477 0.6795177958108278 -0.40604732437320545
0.00019749977292460308 0.13863397785666498 0.13371889614470733
0.708412322261442 0.8147727480795468 0.8452937276543246
-0.14739622500801297 -0.46202807412796343 0.12555343749065306
-0.36196474458748873 0.8594758145881287 0.7853044612376421
-0.6573572771491833 0.7133984520007852 0.2926186183551276
0.5089059735421839 -0.7187382961560118 -0.748841249927269
-0.5509207511569736 0.8396458542050316 -0.8763117036204882
-0.1312940956206412 -0.19925032050070923 0.40450912194102484
0.4766847576618134 0.08462725755887868 0.3685183912234675
-0.14976077597020554 0.1418903285255244 0.23697395249839048
-0.5797957712375927 -0.3442304711213253 -0.6641569133288265
0.3966396926678615 0.7248126022446375 0.8075296359341066
0.7608167956925811 0.27248508830573925 -0.9365742155283996
-0.9077004843814163 0.13319075058562557 0.615142460564589
0.018427573806275355 0.9620384004258224 -0.7695206691314598
-0.11967257817744148 -0.6693750288517131 0.46536483230133574
0.15597711329161834 -0.46128104746733856 0.38262475383249006
-0.7432969164715884 -0.08628282765344397 -0.7896993169106026
0.21748311905216222 -0.8557590925191432 -0.5735852894591871
0.09469029230708936 -0.4437673260238766 -0.2775368173745032
0.9958661049501423 -0.007110842934024086 -0.9925641686898286
0.8581220333648265 -0.5821147034255074 -0.2354669166390828
-0.5817750438334732 0.06368293200079789 0.5749961819424605
0.9835259519656081 0.8516207636151258 0.9397725514534536
-0.9972101048503959 0.7666202052487394 0.5912674078920863
-0.5209673510186204 -0.012596923876123434 -0.4762483318408839
0.24107370936209382 0.5619310621856839 0.5767865493791784
-0.48810611677002047 -0.7203195719243201 0.6335254984698595
-0.6056968500667335 -0.17926315170919538 0.34864757268215385
0.17418444580216552 -0.4070201502144246 0.48199206317228516
-0.35641723871267916 0.8029807531317001 -0.4191831763996765
0.11594275455424419 -0.2292307289173945 -0.25560729627263634
-0.293337738049646 0.6114686641268072 -0.7526966065542589
0.7334305457630501 -0.7128047463712059 0.8385562513172735
-0.49985699169634734 -0.9547913099091445 0.4013402706301652
-0.4352573351454836 0.5727367420472667 0.6270248084057053
0.5067822282781271 -0.33432645991601384 0.43844364962333016
-0.8307356371118444 0.38177687693409745 -0.6860014858033385
0.7421864399013509 -0.02163575092068193 0.4726814590029169
-0.9004957642386344 0.7208627559134082 -0.6598954811502802
0.7606923799532543 0.9512321647600215 -0.9783027323632405
-0.8127700797088302 0.917803951972604 -0.2535663220591984
-0.2429438234909227 -0.4746119498656851 -0.9811428388021135
0.7184396229503451 -0.24070935247475278 -0.39073326646064377
0.5876734830393502 0.40599862749278537 0.723353049106291
-0.3313550182078746 -0.7592995466285728 0.3820977966603134
-0.07787316737561856 0.7803536796065569 0.1568793302535043
0.45549784859932063 0.8765349794687967 -0.21683038408666544
-0.09548570940152157 -0.6323532785776322 -0.297499980595187
0.9385104625583875 0.5419877523316272 -0.030833133851199568
0.8272115263526816 -0.3428540061555134 0.7323931996135657
0.4550764721360583 -0.13011122431663869 0.6752302543008692
0.9652798264869833 -0.4964683916300212 -0.9941065751403626
0.6461511796197492 0.008780156500167946 -0.4362978692094934
0.1355926145077142 0.5304184813915684 -0.07402540127102797
-0.11752351318788934 -0.37895526516173694 0.9697835195858868
-0.10452455179616571 0.4787914792669623 0.1707981361197084
0.5320669425670428 0.26380032930825315 0.45699659652544855
0.26520195876537445 0.8477611022499993 -0.4964585685382015
-0.29604585153079266 -0.3744880302927427 0.38789739362386033
0.7381166679168658 0.5246670289387216 0.9260113838222519
0.7608607025433665 -0.24990932463366944 0.5429014245158141
-0.7692274570654127 -0.773461967189647 0.41301522410563507
-0.6228971468186226 0.9999274098184174 -0.9987154569032757
0.8538845753304032 -0.02444991490300552 0.9632682975596876
0.6154772297185256 -0.21952866699648466 0.46386662106895904
0.7168504259504445 0.604775463437579 0.08659667838535845
0.8122570730549861 0.725555752455608 0.9722027591028013
0.30877318605056403 -0.44654480152421416 0.7145400177777215
0.8693096550012449 -0.8313260819102928 0.1640748192926229
-0.6994447613860661 -0.5510601082783142 0.8694201520655946
0.6728416576495868 -0.7945755222820203 0.17222701427151832
-0.7396819322300627 -0.9521434359587391 -0.016222421066435455
-0.95478195545598 -0.12615520865992247 0.8635419923702423
-0.20809246556355787 -0.968341891579146 0.434823138942954
0.6675177610956169 0.6603812003760692 0.1965779082545207
-0.9445379355455319 0.3420644595454332 0.8949281405323455
0.11181416897411389 0.9775965831218638 0.25074936510750945
0.37005202750243305 -0.8493933453534848 -0.231383365498806
-0.6216616477443113 0.7767411669033293 -0.3025462298646049
0.34590532532224794 -0.5933917760011747 -0.3529980132243047
-0.19008558526684372 0.8024819099564229 -0.6488445438007642
-0.6981022274866193 -0.41623665613279237 -0.042975328553929826
0.4318198449961783 0.3930219675130533 -0.7791481699136489
0.9888409212270424 0.5132592010079242 0.040383126225171484
-0.7529287094420611 -0.8425569348924467 0.8593050655692716
-0.9661295893271504 0.7098504935871122 -0.47981515522919516
-0.8999951693229071 -0.6981390085476109 0.7115740698407715
0.8163946994697446 0.260902602897225 -0.1809233541260078
0.4829635936603802 0.782229846099143 0.5479567592251502
0.536294417105164 -0.9635863842626127 0.9112465688758782
-0.17310508804371172 0.34138213970388853 0.9699890260298345
-0.7699858170469533 -0.6398543492992246 0.7505503017089095
-0.25265109427748245 0.7045424134285001 0.3853084104454947
0.569589643334862 -0.6836334722515436 -0.7005003162482568
-0.968028262803867 -0.7657195481295698 -0.4816009811584878
-0.7020789851402862 0.45886588329260136 -0.993567399957666
-0.2908765448256958 0.10414555607082687 0.21631522231414135
0.7006749227819822 -0.15067676709458078 -0.5334355842079137
-0.5273083990269907 0.6466346912501935 -0.11307524264450097
0.3963284611749047 -0.937527370127325 -0.9001424252350589
0.38975524253321003 -0.028665056465316807 0.21853345914392963
-0.07559551548721699 0.024730025061100003 0.18079327752881902
-0.3374647845969385 0.15580405253682272 -0.6810018824925017
-0.6498600555139671 -0.8549476603978916 0.7506583392201907
0.9703492378139664 0.9398095292044881 0.26497620426047264
0.4645846199925838 0.256782422935969 -0.2248993802424366
-0.27081328993651255 0.43708499064834094 -0.512865712580798
0.8093485483056906 0.11898670862018346 -0.49363519421475655
-0.5676650423245082 0.9906171175923353 0.05736275732085372
-0.8831905477174875 0.6066380581813409 0.7219088849672723
-0.7998541181360528 0.37407638407960353 -0.8818389831400701
0.6570595822568435 -0.9250647900230757 -0.7984904291409263
0.23465175342806788 -0.2832733773541243 0.43315213521022455
-0.3721738390597342 -0.4760011053874065 0.09512753298489018
0.709444408958708 -0.3042780569477037 0.6709277658828283
-0.3455747483843312 0.8045502430832325 -0.6549263322026255
0.5166449081364162 -0.6055457765722747 0.09626362155960955
0.25680592326772245 -0.0725583354279613 -0.34456659774829546
0.8613875382253557 -0.3482528281095343 0.26191060364248053
0.6549127853088348 0.11195286795771087 0.5077479039470478
-0.7655350834536878 -0.521023014772166 -0.22371540164962833
0.8174073505867079 -0.7218113924279936 -0.9082995187928349
0.9521619173427143 -0.4623290481998801 0.4113899457470438
0.43244110924025825 0.9803752557370653 -0.9473315837425285
0.7674791250316015 -0.8210552488863063 0.8724764807997061
-0.8237924868557664 0.9546897653321391 0.5309016882131277
0.15413853751314832 -0.9337862167316822 -0.4780380114331344
0.6394643472550783 -0.5887780868996431 0.471011708582616
-0.4274604152765933 0.6600470265622216 -0.8034919393669877
0.5657918799741217 -0.034660270028132434 -0.5355740390573656
0.2349354182006107 0.6890455300530045 0.7586991424339173
0.8241344981961451 0.7782382373479118 -0.35906994399072034
-0.3918855070427265 -0.5301537454108696 0.46092862770958853
0.9690122084839432 -0.8680744558804943 -0.5164258967944426
-0.5805584398333354 -0.9363461916263613 0.6682160037229903
0.6988880889046374 0.3929642251058343 -0.9711219715928174
-0.8300590318692269 -0.5398092989949947 -0.7758805741651584
0.09458980666985584 -0.1091976756612314 0.5318967163515422
0.5717219738147659 0.7399094321054143 -0.13383230340488983
-0.2336738819780244 0.03182779036816896 0.30864764049976645
-0.361873755736863 -0.39889241942777076 0.6658114054450082
-0.030987913807107637 0.6717117382137874 -0.5444834053290395
-0.7866896221584103 -0.4352993723831293 0.9875939086069463
-0.4703488508685367 -0.6431060154571362 -0.21188402868911327
-0.34056931087552345 0.8954732050625374 -0.7345471355449524
-0.45076951698027434 -0.6208638394929773 -0.07460916513662164
-0.6478297925747631 0.8046376810975273 0.9886875868058473
-0.8807490359792602 0.2806364863461195 0.153560758404369
-0.2423065150816499 -0.16789837015509734 0.04105926423738593
0.23282557782300106 0.11581567975073859 0.33232252642462945
0.6673368804614237 -0.020265948658453548 -0.669701252913512
0.2092238341797079 -0.9795753704412358 -0.06267620256256468
0.4007354968826029 -0.02193796700554107 0.24113069585278413
-0.8870858769590011 0.9955967004833075 -0.6445889079017464
0.10666496546255466 -0.045688526044085354 -0.5454860218434086
0.8201388808120269 -0.23226172255746924 -0.9390860984062359
0.4280143105307983 -0.08170932665503639 0.8503770259790031
-0.6123057067393676 0.9340799091581351 0.1733100863868271
0.6743369102775025 0.8437547600863275 0.8890752734132263
0.4066855803823153 -0.7361734167839227 -0.4627899399524382
-0.2640555174241217 0.40680307183453035 0.18498335241945396
0.5302391937012358 0.5805073592510821 0.4977405593922444
-0.7193968650374469 0.03564158206833534 -0.8909235219183982
-0.8701362404649999 0.23981522991708437 0.2455078401879962
0.7833554218370564 -0.41223697705343376 -0.38016272417187236
-0.8870104406302273 -0.9714677990937397 0.7979321989403252
-0.8349074209899752 0.3819542029634013 0.18816163496375848
0.12124848151093115 -0.37046927919654915 -0.1371091936532869
0.6692132987329154 0.3827879219771404 -0.3984516678779222
-0.7420371142781894 0.8731323556878514 -0.3759951765326699
-0.7832887867344867 0.3994198387798653 -0.6116203905686435
0.6891506945229597 0.5446159946410449 0.31049259471549306
-0.3126958879366286 -0.046307389318948955 -0.40156777964183465
-0.04916912807628182 0.9647785081469848 -0.6699079556151333
0.607789191897707 0.4375585093482617 0.7153751664074055
-0.15733536377921453 0.4575837696451668 -0.5119220498357289
0.2404882383127751 -0.5253424214337468 -0.14597251173341763
0.7250792684016034 -0.46728715806820564 0.5382661900045611
-0.21018238351290486 -0.26726486356356394 -0.6633823108441594
-0.5717083961431602 0.7194513078092184 -0.6719906389943089
-0.14404738933020522 0.9637913276953496 0.19304956196671963
0.33909775819129684 -0.25436669421016034 0.5197119849133858
-0.4379744634545788 -0.24111317326642467 -0.3207847832882611
-0.7223292882368195 0.91109829968813 -0.8324653767499823
-0.18704299581758788 -0.5717830895050557 0.2503227237443648
-0.5896084266478436 0.8334241027144587 -0.2928595367637816
-0.6049445361802814 -0.24047011382447758 0.7534413555744368
0.7738948932798191 -0.7537274563480227 -0.7536553305806173
0.543251250577347 -0.3636967086442635 -0.3389611770681942
-0.7727049566902271 -0.8704161636360443 0.445346816056436
0.81290028657379 -0.4920884752449213 -0.6117618851391642
0.8258134916651791 -0.8234467282579954 0.566829683320561
-0.38543305123347404 -0.5957397829586926 0.8144934203876779
0.0785629005166606 -0.32114459230140047 0.10446777069313185
0.7683443741716689 0.5869802118927074 -0.6783150075860271
-0.21816992715380068 0.9550342114152437 -0.6699115416298491
0.5258883175299554 -0.7235839316542112 -0.6240281584591867
-0.3482320484733834 0.8093842976679431 0.4512102311176016
0.6732227455542565 0.4128811378327759 0.665114245320358
0.8005898206542987 -0.28404917029152865 -0.28999693595515663
-0.9401181031254051 -0.10128356282833506 0.7542899870377668
-0.8652926311873366 0.2498707728144236 -0.034723103288902823
0.790632132944733 0.30690361481041695 -0.9762130439060999
-0.9117281321011643 -0.7509625597620129 0.19079252429816762
-0.6496206604080328 -0.5546064323376347 -0.83657787787739
-0.9081590735501737 -0.7370682631180023 -0.7998803716153575
0.8789835429326018 -0.04080308377074804 0.36741797592857117
-0.5654277123647256 0.7431205022780654 0.041951122953932884
-0.735003519470482 0.3720170350618113 -0.27542924339572283
-0.31210516923716436 -0.1789766068250236 0.26467678433480724
-0.9660779665961499 -0.20633616145687772 0.5724337530849681
-0.24778032568901964 -0.6931834310117877 -0.7032439468864105
-0.29322173561674925 0.28199663913704587 -0.9206646537356029
0.9155587700811803 -0.9521332806141973 0.3193969377841841
0.6604379262486135 0.5991091856670792 0.2703278107427338
0.6270639664722295 -0.5090643236937968 0.39866810320932
0.9164672986584992 0.2837649574224361 0.17717648239905293
0.29850024467875724 -0.3719372433274053 0.2838379805876079
0.13593568079795348 0.9451957199639107 -0.9583936295039917
0.3590109087627449 -0.9416482848044754 -0.7754953582473865
0.22175354056865326 -0.6520364385878035 -0.9584736520236634
-0.8029037130236136 0.1811999442849721 -0.994754814566305
0.9391678178561529 0.6175936369465236 0.7163940423988062
-0.14254801350406598 0.17005246938111762 0.24061080930892542
-0.049334225170427626 -0.5441155969745679 -0.7932348340139037
0.8048794762885818 -0.9711284004191028 0.14897069243843175
0.04317035521661605 -0.673620437890831 -0.4712653892266967
0.31697370357112087 0.35294612766426514 0.11040559718080889
0.3854159418179566 -0.6007126021327229 0.03355616106174053
0.315896119410058 0.7804098325489934 0.2243565617465264
0.4125977048101588 -0.22933396599177502 0.23603672050516789
-0.7477762689846448 0.23309313042619295 0.6179087748117269
-0.9023425547301254 -0.18325676739759356 -0.1429133471729631
-0.8709894982142865 0.924341278362248 -0.4466018604812789
0.814665991162864 0.8888326370176785 0.2992506631849925
-0.22158940724148524 0.6559277915763839 -0.8248024109455074
-0.01975718512720248 -0.7742051210278116 -0.9857495868158974
0.48825756709324053 0.9008778652875329 0.982594326585736
0.251079729746831 -0.23618277625003903 0.06467796066159015
-0.5537900785304428 -0.893456595973233 -0.1221691426536089
0.43789735446723 0.7366717679656198 0.545019407928955
-0.14854331587998115 -0.1620282862921314 0.29233940375843814
-0.8379178361708914 -0.2661128137943376 -0.4786070131650897
0.013314453585550723 0.09248328278427209 0.3848827727059181
0.7428026170600435 -0.470631117977786 -0.3349269618037096
0.5935671697671825 -0.5767133240792941 0.8818978194020857
-0.32802461957426465 0.5825285332307413 -0.8980229206053607
-0.8631411455754316 0.19482447678003 0.9576500401461079
-0.43783003414763955 0.300195356283689 -0.8791461216440515
-0.20173903975002871 -0.20469342220691633 0.926807206656955
0.03476504945670644 -0.14573792621954196 -0.22197445562466234
-0.11627735772561243 0.8183253199618867 -0.5362677395324813
-0.33888730931128097 0.7642959493061203 0.6494617760015842
0.4319323891615485 0.08689137869349595 0.3585744163937883
-0.5933205486084747 0.0685677637432014 0.43842843833042733
0.10094823189691704 0.8492987352549026 -0.2154109188629998
-0.8397257936455944 0.946914073710412 0.8801757026252595
-0.1292909079848421 0.9732180959975638 -0.15353034220426753
-0.8217240538508668 -0.6047040013355993 0.1834915733132525
0.6226141470633064 -0.21243906276678604 0.45241204531217916
-0.8726562174992458 0.0815009223402201 -0.7733706485366698
0.6035729066354147 0.9032176737560156 0.994917668339645
0.3909825084155132 0.006325957637373536 0.9010272121824074
0.7927182278958089 -0.3061398594320146 0.9885708433392695
-0.6954087584397688 0.7510036601097121 0.44517477036429187
0.5279743946329563 -0.3579820256358974 0.8624631161605301
0.493063639395916 -0.4059915398515932 0.18455449005785152
0.46555452218340987 -0.45508114773033603 0.8882758084039479
-0.37693822575780067 0.9341781580735364 0.49826115219728173
-0.20478961352237413 -0.2162072606156782 -0.5057481472733201
-0.9618806234356345 0.8260568165065831 -0.19208666176856415
-0.5756792525756085 0.3602341326008063 -0.863956883718191
0.7123717003565204 -0.4874238341474155 -0.2574202382225754
-0.4798488591029004 -0.934354580596398 -0.8956445736581233
-0.6673404029220769 -0.4281264543865848 -0.3856459351971706
0.7516681804947023 0.277104474682752 0.6269024302769337
-0.5416279657875811 -0.8327286679418879 -0.9546000401081309
-0.2233519702444664 -0.17956375077127307 -0.2280607754528725
-0.1272065965760376 0.4090798674656482 0.14234670742643485
-0.23595265136954024 -0.11232695644206325 -0.9688749084195056
0.9151047106205406 -0.893389455099254 0.20777434745007684
-0.2907039880399973 0.5439708795176788 0.15446375060725193
-0.10263789504272958 0.10907233075072442 -0.9739361231300594
-0.6480554357626733 -0.8684203030811888 0.2166357280603528
-0.5733899902637407 0.8272945802939968 0.355059256341282
-0.4253346566351577 0.13404492297616666 0.03861440617040035
-0.7444733264384089 -0.5546878194328482 0.6810692581513802
0.2017176281370916 0.9068437007173282 -0.9925041218078459
-0.43198102560862806 0.596924885843169 0.14772409800896136
-0.28936679945924837 -0.03061881602635963 -0.27901436270395186
-0.7686374568529228 -0.3473808240345264 0.15508782975938118
0.4055351969334793 0.614378217417628 0.3795767319960166
-0.5918102105379544 0.043373935646882744 0.7196552614649521
0.7257150005318573 -0.33358145613713686 -0.6221992928296483
-0.9880959129471385 -0.964631710155502 -0.24654597701094816
-0.4981068599341585 -0.2018836830505939 -0.8895280060541291
-0.15164438753246667 0.15753713233158906 0.1985702071774258
-0.7071160990221037 -0.26333885946912106 0.7081229992442302
-0.2972921366234751 -0.30142353209735084 -0.5199709551186369
-0.1540263006368643 0.7095856168995751 0.37364394490199015
-0.2670180785569265 0.5470783237490109 -0.37284189748305363
0.9964060803478794 -0.9371571305825448 -0.11483582879013565
-0.7998037483233387 -0.009482904556830318 0.9238080397763864
-0.9628761510096104 -0.8079159467520562 0.14334659596273225
0.06262725950186798 0.34489277329370993 -0.3765211843471954
-0.9168028037031 -0.6778222502090183 0.04223408851969057
0.8223614054448911 -0.9977146286209115 -0.9449942344076347
0.2686144262302488 0.6706105303352172 -0.0681243179814719
-0.011279725770444893 -0.33465913752767573 0.9160784247521447
0.37231468319373073 0.9248563709862332 0.8644896816563474
0.029481888778860377 0.21433934351069284 -0.013317530236070407
0.7309532744694434 -0.5096181210224047 0.777735315547069
-0.9817176918721584 0.30729781472398043 0.7238827237759031
-0.9454150730260629 -0.6569993456772529 -0.7574006463275418
0.8190844114319855 0.5298062430233701 -0.4945277393199894
-0.2225082918285095 0.5984544424398381 0.6669401015636829
0.1838158317425298 0.7780984775071145 -0.09884952177318707
-0.4962508289059002 0.6194738106951936 0.532608291180761
0.49791390272511915 -0.01845494576580431 -0.7252080994788095
0.9693632715653999 0.9657221315268885 -0.8766186730951728
0.2895717669424729 0.4256503068682642 -0.6481668846266351
-0.9102722494038709 -0.9886076718850194 0.5070787179029137
0.02807020290427431 -0.4383389406035856 0.9199365134361863
-0.6640797084516912 0.9252343690087725 0.17903945096024043
0.8888976834542182 -0.625798186453167 -0.6986176355510756
0.003769533962067806 -0.36583226931065727 -0.305549193262443
-0.19394274230358088 0.07634996065295718 0.7333511353416107
-0.2480762966277097 -0.9041858176346191 0.32561189496440246
0.7986678162659524 0.842822611134664 0.8082485948537472
0.6593009337992815 0.35230496581425896 -0.955466696350115
0.07669064259897551 -0.6834520016829948 -0.00019652263528713299
-0.9666574759464639 -0.5602427191606909 -0.3150254073624681
0.5849719713744566 0.8536876605672148 0.25802928468566333
-0.18015762344172037 -0.30363326372953603 0.08811085913512029
-0.20584203853569205 0.19991210260090675 -0.29477805898173126
0.5440777247438484 -0.15309671046927842 -0.013694757188823958
0.33838784593031046 -0.8841688224949724 0.8718262138795592
0.411267201592066 -0.2640568034650379 -0.2987344740923772
-0.8460480172892861 -0.5987652990153096 -0.4780716375189995
-0.239551079609704 -0.4458359419335689 0.5756550486710263
0.6945849462639249 0.559095068999258 -0.834352342987857
0.6534615057565971 -0.15564837007740429 0.020424737065127596
0.7290230208029245 -0.9675254244640534 0.5633048618826502
-0.28705423855871137 -0.35677440038746533 -0.23998492865396925
-0.3924018065104111 -0.6771237861477348 0.48261927467412713
-0.016563427033964073 0.5712742381190705 0.08473047835349878
0.5453026281161146 -0.3358669323111805 -0.6964494545772277
-0.9239262774709973 0.7325110777809618 0.5089870995104149
0.9804874933979759 0.17107795912493362 -0.05815832806682164
0.8260318102226627 0.3258725669393552 -0.04600695687382794
-0.8787036630457699 0.04833895542299804 0.7316170552483388
0.7107291127289583 0.5277251003838728 0.21054119673072758
-0.3062995029815163 -0.2621941711097564 -0.9973991563772002
-0.11078514777137083 -0.11602475725882488 -0.8809410285848904
-0.74761510021004 -0.7578829568975989 -0.37273654474321005
-0.3760800032330256 -0.9997690389051153 0.5170488981189683
0.2625079031661077 -0.06482884090060437 -0.946007650189695
0.6803785343064337 0.35696462141868057 0.9669943519441795
-0.19572990670307777 -0.8591327594868416 0.8613082604550177
-0.1034904502481735 -0.9319376924444827 -0.12414892383010234
-0.15880493253663874 -0.18610962383386465 0.7435386093057179
0.7002292758526905 0.11048428212105876 -0.6334754207415352
-0.1742607352050125 0.21900848994250954 0.7553470493448382
0.6628757195731427 0.3347846292218146 0.8931294739210338
-0.3525942842769372 0.5378611561472959 -0.6090068013400307
0.5063918119414905 0.035717663112044384 0.8321063070541104
0.43213303274258896 -0.20106654889916342 -0.10340589258375665
-0.45327296635394654 0.8234517053383441 0.482758494903186
0.9469057564512282 -0.3501336080017319 0.47299519252306843
0.5819355159529171 -0.2827123848693651 -0.0936348440557524
0.6982853659530046 -0.45933516062417534 0.5159277886452165
0.14221761824080836 0.7145536075737704 0.715959737693127
-0.6273906298813579 0.625621196710531 -0.2666132443238274
-0.6270893862152489 -0.297077256464203 -0.6669038278896378
0.33901900676630015 0.08361403872298223 -0.4708117910743479
0.9150759134688087 0.0881145310024729 0.3803379381475147
0.19486686842577106 -0.7325339789440104 -0.20657907872109083
0.2660458893970248 0.31292210473050375 0.6242437912414938
-0.32994488477170103 0.8689564892404273 -0.2809305275946572
0.6169678614301684 0.8697391658685178 -0.7734346044268094
0.5732394057602532 0.6086751900267935 0.8346705272827064
0.32659715868097705 0.4598517471593333 -0.8371660763724584
-0.9487248608617549 9.046219251485077e-5 -0.977134918601682
0.38615052322629917 0.9057226097561026 0.4207862412538539
-0.5059007082876477 -0.7503816368516614 0.02146370835440914
-0.36097060395806335 -0.5676575895057712 -0.3647883902518203
0.7876589247868149 0.21255366954054966 -0.8598574530760066
0.31977761644517444 -0.1793254254974277 -0.7749332511146563
0.39380463536711496 0.8344819234366481 0.1764470830107947
0.7959325371756663 -0.10313766670571578 -0.5879248134477217
0.5578546614760256 -0.25126974082002995 0.38899727421004937
0.23809942152526942 0.1857836983926031 0.5290123207956603
0.6788240850055405 0.41705089566068776 0.9906903974143388
-0.8632884351944075 0.23729631683374164 -0.39864341969751016
0.9604515685510504 0.563900879614974 -0.2163448345829888
0.8724270472218383 0.7956738333048408 0.5367952009901495
0.4017128796761862 0.40194140063334705 -0.2609262743642218
0.4368490455091085 0.6444228077482823 0.03461649157102409
-0.6424009035079838 -0.4432317076250607 0.32425832190341275
-0.06083102229332327 0.7781367024957282 0.5919356361373858
-0.7361073840782955 -0.7619964887911768 0.6059772628372473
0.8105729528869767 0.3127425515353981 -0.8339317732825209
0.13363915297770546 0.8008740341505922 0.24142723995526683
-0.26153092423335145 -0.7060255339829147 -0.4579732719379568
-0.9718164493688739 -0.131515862426427 0.5091204756171834
0.4311514279784803 -0.3750965741496639 -0.7895159879633844
0.7429097440054697 0.4275766948688775 -0.6054312372383077
0.9323694539349368 -0.9513905328254215 -0.7497819357778064
-0.0038549854603100453 -0.9797738168291452 0.6049522562903238
0.45590386275466566 -0.4633912695970279 0.35924090896287586
-0.09077890207776407 0.6347462867212439 0.14759280201421454
-0.7620078813296007 -0.7258843019320063 0.1329894156826974
0.07474247451162408 0.3483848464396646 -0.28619429499146953
0.2526329187696901 -0.011337694733117853 -0.5284422008788416
0.8488806175863421 -0.12726362342821407 0.8583950258588573
0.2528632934875972 0.315711484156149 0.852244190932735
0.24324293837951672 -0.47575494168830823 -0.9369887428634018
0.5683121404432516 -0.3261563228093711 -0.6626077440134164
-0.6336538694547393 -0.6831455500214587 0.2823655109617089
-0.8086567055355625 -0.530540564321804 -0.48942268336878936
0.6134225775223683 0.08728475249938206 -0.9119391148211915
0.10389655942036091 0.9300547252202296 -0.08419077560877408
-0.36382512704661285 0.19048388737192634 -0.008403434071075466
-0.9717116291592747 -0.7330833979642573 0.802685277716366
-0.4877496235821277 -0.7403262359883611 -0.1791815291798886
-0.08870531819008698 -0.2624175038139902 0.19170374484967057
0.37955797097615895 -0.7335650388783672 -0.30560591702277407
0.8611762800755405 0.20430750322412639 -0.9050211014092928
0.29237156934730657 -0.9918127288435794 -0.6174547836214603
-0.027744753106133446 -0.2902595410575499 -0.6755581440022567
-0.4849079612298137 0.19286781875088943 -0.004239624452067048
-0.01872786818744876 0.9055134572727737 0.7620242742472516
-0.5353800919760674 0.7624745290067387 0.5966721543709184
-0.015722322014317447 -0.6588827460571158 -0.9483659089994578
-0.2066415005801383 -0.24945911110514607 0.900693746542848
-0.7015044338872083 -0.05669110688332357 0.47007841909445536
0.2936591556318593 0.7477491918210253 0.9671367663578403
0.5355482816010435 -0.8889712124692473 -0.8486879806639918
0.6815476586757088 -0.0215905810569883 -0.718059307190144
0.8302959682845046 0.15941897478144296 0.38162235792743004
0.4788039913421973 0.3077505930565314 0.9658855197754403
-0.6547139771203976 0.5606154600284647 0.8238645701466092
0.1592548884620868 -0.3173110967563224 -0.21222915587797786
-0.4756204631887613 -0.8901631188292309 -0.6004489632010521
-0.4720235147507783 0.3972066944916186 -0.9366073311471372
0.46042415873288967 -0.2688332057633058 -0.9757240552502551
-0.37902125308502277 0.856444816316771 -0.8340721991691629
0.6028195024803187 -0.43437123207287565 -0.8053109394458629
-0.7292313636882917 0.7296577750638691 0.2378079676971261
-0.06325930977898908 -0.019709455108969154 0.5053866424913127
-0.20236216815310692 -0.16889082534259758 0.9961214820198669
0.4126812661284982 0.21008397223073527 -0.6557812654717812
0.9412701188264367 0.9269826811402249 -0.6626885097377326
0.9375300221695932 -0.6006920679517616 -0.6335449472869534
-0.5040802093630676 -0.23057716324199706 -0.6922943815014488
-0.14461008659612973 0.41156204663129614 -0.7747964726460848
-0.10747086423670016 0.14143348575778347 0.6586251930941529
0.9285367099813422 -0.13192910466320784 -0.15526121868628606
0.8072493316547231 -0.5739055893841445 -0.47012099621623515
0.5639771749757756 0.40092756715133016 -0.28159332511054247
-0.49471525659439486 0.15834037365362064 0.8927817591636045
-0.5809429436834612 -0.24406841974605742 -0.727905926489274
-0.8450127945395951 -0.2690533614221098 0.2263543863355877
0.08796627755432485 -0.03671654308631367 0.6484110981090176
0.7704894875425103 0.8902310114758003 -0.7113798474118471
0.3548545191784038 -0.49343919313231566 -0.6530887641855116
-0.02559596554595278 0.9594882977394608 -0.8258036131947966
0.8591870267862232 -0.7901826755777037 -0.3473878408237274
-0.7429243422711456 -0.6126450931746248 -0.6076802174435347
-0.479515619673347 0.8071428533854741 -0.17274837287790823
-0.03426207579217588 -0.34472414976620236 0.0722076044161657
0.6807791745480565 -0.4416864757878822 0.7498997134537266
0.07412749194343626 -0.8531196604013462 0.6569992864621388
-0.01222006376598972 -0.9686037771844658 -0.09596255086681826
0.8795515348366365 -0.8443773581409506 -0.9148312565181178
-0.12436534510015984 0.5918782852121118 -0.18568178989908013
0.15402821512102793 -0.4210963447558771 0.28342460689958937
0.815683549790235 -0.6650874035133534 -0.7684861789160662
0.029501992316661285 -0.30123866068921745 -0.5835525163255508
-0.6188119979073505 -0.8173392035624714 0.5544560959172371
-0.18933837694301525 0.952991311092189 0.2545184125429285
-0.30827842427850927 0.4477713238563108 0.3997328361811956
-0.6388690638451209 0.9340709643525964 -0.8914745692602359
0.892810982530736 0.06618845408424368 -0.6413880561885275
0.6591481383306634 0.16808939136601908 0.8530972004082571
-0.7901650386269521 0.7952039599911607 -0.10071366739169574
-0.03831333488298738 -0.897639436997369 0.6555066361793871
-0.1967190248574635 0.7697797554846646 0.04266531535714613
0.4493625471143028 -0.016444386619608897 0.6189318868875875
0.9910642000816288 0.10778082070514117 0.5868822969119565
-0.11901462566157384 0.41984317441327534 0.907713882031127
-0.4490412277302518 -0.5543160723724894 0.6514923935718824
-0.11752377711027129 0.5691699277249416 -0.6414089417368127
0.6323390526709929 0.4697779898349379 0.692145187195832
0.35156251147394224 -0.6664728231541415 0.975432064016303
-0.3744946399455158 -0.2891178238628569 0.5511314092173252
-0.5907520132298567 -0.5689277621048288 -0.8931468249162708
-0.43370410424432193 -0.6461194256348135 -0.21988183751407608
0.5745261203790648 -0.24436246714650967 0.7351663458814299
-0.7122849365697748 0.3713533201953454 0.44706019969963084
0.4696960525041707 0.6387791182273814 -0.24646874745952507
-0.3018972905123085 -0.7917463879950899 0.56498986179945
0.9009085823505074 -0.29944554303838267 0.16225378454136608
-0.10737728131632895 0.36396037317880614 0.4626429469455653
0.7223286255927599 -0.08868514655326121 -0.24845808169367944
0.8905254481871594 0.09302296322564318 -0.2653083797243281
0.1266172321868413 -0.4304157559527313 -0.05753500236240705
-0.013238221550802898 -0.3879432765463289 -0.9084209782904329
0.29250764068750845 0.9257409832420036 0.9935891040433764
-0.7058093107533403 0.1692454357386879 -0.9341206289987034
-0.46943586164561046 -0.44795591471641893 -0.46859753286774875
0.9001271702435605 -0.6252823155415945 0.848271879445708
0.24210416449905803 -0.5601328958152381 0.19115668684617337
-0.22622867134105418 0.504581921327137 0.9693511687414376
0.9609467356500703 -0.33636425306432427 0.6921719773555819
-0.8556028854222499 -0.9482171051439459 0.7108681528005973
-0.7431992243769203 -0.1438575831165596 -0.7244816497233879
0.8493950940969104 -0.8927494587370048 -0.3626391924425132
-0.08881808817819503 0.8070463769277316 0.7040928682488681
-0.2205820504504763 0.10181797751642896 -0.837375509707424
-0.7882068683574581 0.16790639848761835 0.023790190778415043
0.3512752552131917 0.762869844273329 -0.7149006623651029
-0.875266751838859 -0.9435108233229015 -0.2666978895343466
0.8892325646285442 -0.5927965631711918 0.5729670885805742
-0.04994148927842956 -0.8646791042362085 -0.27146284640856577
0.5069540966821395 0.7451647900645217 0.19428382343317097
0.35520646572419956 0.35921115116620794 0.38329192391584344
0.37437849546838 0.36373848803933995 -0.2686623344971737
-0.6532920621855145 -0.9926803715924066 0.9416586546904739
0.9035569883450052 -0.4380393501046702 0.4894829432946599
-0.45227616763193934 -0.18193840167852393 -0.7375337647451574
0.35674270923821405 -0.7486544666974067 0.9810428329764558
0.0012654135003411504 -0.7384802824781056 0.8099270379770216
0.7876036847446568 0.5891469207820779 0.2901343473855764
-0.4435226121498339 -0.4897468375775713 0.3446072061906966
-0.4795364089978238 -0.3972279493312916 0.04912685597258659
-0.3198331480760517 0.3887881207148187 0.815038339929606
-0.6355663137625882 -0.8136768319922905 -0.6371796632497462
0.04472739462507924 -0.6620570641189476 -0.5742515241113757
-0.22255166248162417 -0.5079898607821418 0.4924247756347291
0.25539643740950724 0.18206748825363572 -0.46074831751677214
-0.7198608072769177 -0.1607344024084667 0.9317237126313533
0.553823961218443 0.040138991606214924 0.7638821156594453
-0.4066949573332235 0.9727735739074657 -0.9095544648633496
0.5165253967107173 -0.7965118405397782 -0.6319440541759072
-0.6393035014915229 0.940972205069353 -0.46717252337602266
0.15737774308853014 0.8112480322728048 0.7736330107561813
-0.18651331471504573 0.9292009018208436 -0.5041966688565356
0.2657607982969412 -0.6850995083353693 -0.373057915358481
-0.04508088464221571 -0.033261802580562216 0.4137643925062371
0.3787974807268417 0.5384846035316566 0.41904779704058015
0.5546269632320078 -0.9001050557526169 -0.7410637283902319
-0.39438639417535115 -0.08505345283265409 0.8326197686515027
0.7184727740133663 0.1345091064079469 -0.6814164182125622
-0.3915308821546293 0.848687776619941 -0.7206053935954768
-0.23757849768324113 0.7309781328771312 0.08619963152285126
0.954784580228468 0.09235719510971574 -0.5347113593564483
-0.261345482852005 -0.3253804388994823 0.3786344722957502
0.5913127226488064 0.2733793378967948 -0.24506238903674915
0.27277739553429226 0.7124641826263176 0.8918385257172168
0.8456121219308015 0.045821929687579255 0.8232467630073901
0.2664695468201246 -0.257245817357028 -0.8619218106179891
0.043721445915596124 0.06129150140455586 0.579889816692255
0.18974513435489127 0.3810818910448426 -0.031231717332240283
0.5814247905715453 0.7455021462728242 0.9511304648445269
-0.9243361634105978 0.08185677986128925 0.5701422826761549
0.35227475109100803 -0.37423160082277596 0.028460096158740678
0.8452302560171097 -0.9493996825537969 -0.255279257727127
0.7894423066131955 -0.6082124315363906 -0.5194701058954094
-0.4954269743914945 -0.7528082779802443 0.7610105433507852
0.575144857290032 -0.9995007882144182 -0.22898903194034936
0.19638414446642583 -0.6190557200456352 0.3833374567556218
0.19033594466138126 -0.25199828438385796 -0.41655565277226647
0.012395683217225839 0.5136260695098109 0.23532275313738227
0.8679572884924354 -0.20207245458386391 -0.7635361819883704
-0.31730815856282746 -0.0038568189190639757 0.7090343756807904
0.09091812621382833 -0.6507350455065766 -0.5651946806204002
0.9807253984159288 0.47474539794086246 -0.0016223247728226475
-0.286767263509782 -0.785117355385401 0.3238829924567763
0.8584902910435919 -0.8137677996283823 -0.5668002938081296
0.24705823404517102 0.2590323853821286 0.8193680988523615
-0.259544103119268 -0.12913868182271093 0.5287774721262908
-0.22212022294897915 0.0034097239620682895 -0.2174622362498415
0.68547882299111 -0.6784899274596516 0.671768099188893
0.40962214537645103 0.4037219034478208 0.12433739579626368
0.4910003281826294 -0.2522578336004391 0.2018097874640552
-0.7315286861376875 0.30792343498899344 0.4281889089426172
0.019399624078562994 0.5931343490786198 0.21792717507931014
-0.378607034345124 -0.40741776690260556 0.09380483997848876
0.9254199491033568 -0.991342274068076 -0.34615393385234583
-0.21430135911638581 0.2595360314106503 -0.3853161339064761
-0.49843059824030633 0.47736222799792905 -0.3530632362350856
0.24120389677033982 0.2748923370816183 -0.4949675447767601
-0.14173916287467248 0.6185207009038081 -0.8929643154326605
0.6517964533761649 -0.570780915765942 -0.8484729037267067
0.34018930093831545 0.24776130876887548 -0.8734726625431757
-0.6714585286578272 0.8067453973241303 -0.9791458689851453
-0.03397127444408499 0.09242858280913069 -0.048066210151462396
0.9859764819921908 -0.6475842713844939 -0.05658154139374583
0.23255548111753588 0.558785283785225 0.12916197727474654
-0.2886835846971647 -0.7676499383342656 -0.9168193326663208
0.6152481345220886 -0.23543792978594213 0.10204107400479834
-0.45640603754504094 0.23556331776243766 0.8684757469867235
-0.8456098694960241 0.45315615307090984 -0.342834710652987
