3   5.9999999848514562        38.795999986049935        77.000000004545655        18.008739510832051
4   26.999999931831553        77.414999947734486        193.99999996494444        29.790942836451876
5   19.999999949504854        118.86099989010290        346.99999991971708        48.814060395531421
6   49.999999646388460        167.97899988614517        533.99999978864798        63.962080240769666
7   45.999999201740138        207.86199984468112        497.99999942479189        79.256927900547282
8   86.000000010244548        265.31999987400923        751.99999992037192        95.480155332706701
9   82.999998994637281        316.93999976232590        944.99999977415428        120.89581552728896

3   2.9999991966178641        19.003999044798547        48.999998398358002        11.342602600680234
4   3.9999995351536199        30.799999309238046        175.99999955564272        16.131032445145653
5   3.9999995351536199        44.906999142767745        165.99999980826396        21.108669420192989
6   4.9999998736893758        57.669999234349234        163.99999913119245        24.306334557245808
7   5.9999983932357281        71.137999224447412        213.99999968707561        29.756653393650890
8   6.9999987317714840        85.898999255732633        277.99999952549115        34.752388900897266
9   6.9999987317714840        99.488999221648555        298.00000083923806        40.079698971553995

3   7.9999999798019417        39.436999986937899        102.99999999574538        18.102367987991762
4   31.999999976051186        71.187999955043310        185.99999998514249        27.534174885888291
5   19.999999949504854        111.09099988607340        357.99999977825792        48.507955440633658
6   48.999999762600055        152.30099980908562        450.00000000072760        59.390349495181624
7   29.999999242136255        207.36899966277633        526.99999923788710        83.504334115394045
8   86.999999439285602        261.79199962643906        692.00000052660471        103.53817121301988
9   51.999999413965270        316.51499937106564        949.99999964784365        127.41714530709157

3   2.9999991966178641        19.286999035102781        51.999999413965270        10.901167882423900
4   3.9999995351536199        29.916999186752946        95.999999757623300        14.895300506155319
5   4.9999998736893758        43.558999255765229        127.99999967683107        19.346338103506035
6   4.9999998736893758        56.117999283742392        169.99999934341758        24.588710451760022
7   4.9999998736893758        69.533999241684796        247.99999846436549        30.009755559948236
8   5.9999983932357281        84.782999303570250        232.00000032375101        34.015363519665641
9   6.9999987317714840        98.719999225068022        323.00000020768493        40.275994865315802

3   8.0000000082236511        37.585999988240786        77.000000004545655        17.119102421568765     
4   25.999999934356310        68.641999958344968        203.99999999654028        27.824630202424352     
5   18.999999838342774        102.07699989632602        365.99999998543353        45.248209606048917     
6   53.999999636289431        136.87399981017734        382.99999960145215        57.633303940522481     
7   31.999999919207767        171.05799969567670        510.99999973303056        73.941855782700557     
8   78.999999459483661        220.09999968213378        559.99999949563062        87.136288280536959     
9   40.999999328050762        269.70799940954748        728.99999941000715        112.56168478737615     

3   2.9999991966178641        19.082999069723883        52.999999752501026        10.775630921571436     
4   3.9999995351536199        31.407999191287672        137.99999942420982        15.811816623664434     
5   4.9999998736893758        43.821999201099970        198.99999824701808        20.930704858412518     
6   4.9999998736893758        56.711999157414539        158.99999925750308        23.560393659626229     
7   5.9999983932357281        69.199999163174652        264.00000024295878        28.511662838819170     
8   6.9999987317714840        85.292999194280128        236.99999837845098        33.379744726529950     
9   6.9999987317714840        99.349999170954106        294.99999982363079        39.696212581246705     

3   7.9999999798019417        37.966999988092347        77.999999973599188        18.080620008035670     
4   25.999999934356310        68.342999959213557        208.99999998391650        27.718074294337033     
5   17.999999954554369        101.88599990101466        343.99999981360452        45.970537245285378     
6   52.999999752501026        136.79799982855911        393.99999968736665        57.427999897263589     
7   30.999999580672011        170.99199973654322        506.99999974312959        74.655551621841752     
8   79.999999798019417        220.43999971720041        559.99999949563062        87.219502676290773     
9   39.999999899009708        270.32999955008563        731.99999860662501        113.31345487765120     

3   2.9999991966178641        18.888999069531565        51.999999413965270        10.887663478497625     
4   3.9999995351536199        30.988999196779332        146.99999883305281        16.064835959130104     
5   0.0000000000000000        43.477999197421013        178.99999875226058        21.289968841262844     
6   4.9999998736893758        56.872999155530124        170.99999968195334        24.341145519771906     
7   5.9999983932357281        68.842999233311275        248.00000028335489        29.192062747945702     
8   6.9999987317714840        85.462999270021101        248.99999880290125        34.701164292951475     
9   6.9999987317714840        99.375999217954814        314.99999931838829        40.985099835614129     
